13 -- 61087   87490
13 -- 
31697   1658
13 -- 4
57649   825
13 -- 03
75864   27
13 -- 659
27509   9
13 -- 6436
37785   
13 -- 17549
30806  
13 --  12666
71338 
13 --   26039
94200
13 --    13799
7362
13 -- 3   88618
607
13 -- 64   14092
46
13 -- 867   30593
6
13 -- 2601   80528

13 -- 78776   30420
13 -- 
35971   5602
13 -- 5
48962   489
13 -- 62
50942   30
13 -- 534
56279   5
13 -- 3981
47754   
13 -- 82614
39355  
13 --  49866
60617 
13 --   68321
50272
13 --    33448
7051
13 -- 8   96366
949
13 -- 59   75903
85
13 -- 770   75458
3
13 -- 6168   61514

13 -- 91570   37792
13 -- 
75972   5675
13 -- 4
22980   496
13 -- 47
25926   73
13 -- 036
72340   4
13 -- 2491
96648   
13 -- 61514
27237  
13 --  24213
46662 
13 --   93644
61624
13 --    40593
9866
13 -- 5   18860
193
13 -- 80   56611
50
13 -- 919   40593
1
13 -- 6962   12050

13 -- 30683   75364
13 -- 
57102   3318
13 -- 9
77088   439
13 -- 39
93276   19
13 -- 585
32452   2
13 -- 4213
62197   
13 -- 78297
99845  
13 --  25512
88379 
13 --   76585
90636
13 --    44964
1691
13 -- 3   57023
321
13 -- 62   51560
13
13 -- 881   76908
7
13 -- 5025   61514

13 -- 23570   94541
13 -- 
91908   8815
13 -- 8
99552   175
13 -- 15
98990   18
13 -- 854
37417   2
13 -- 4378
35289   
13 -- 31427
79815  
13 --  91094
32154 
13 --   53981
92170
13 --    62197
9407
13 -- 3   32248
956
13 -- 73   36484
70
13 -- 265   84419
8
13 -- 5924   19248

13 -- 47465   43648
13 -- 
12247   9102
13 -- 5
55919   544
13 -- 08
66716   55
13 -- 755
43564   3
13 -- 2349
55279   
13 -- 19602
58640  
13 --  33392
73260 
13 --   88760
82455
13 --    24213
1801
13 -- 0   86649
321
13 -- 27   31642
73
13 -- 441   82503
2
13 -- 7418   14238

13 -- 20256   96352
13 -- 
60860   9102
13 -- 5
79287   322
13 -- 48
12451   45
13 -- 400
74928   6
13 -- 8127
58523   
13 -- 98877
40876  
13 --  50982
27491 
13 --   25610
90379
13 --    40593
8356
13 -- 6   15683
479
13 -- 24   44687
46
13 -- 057   50583
6
13 -- 6111   61546

13 -- 20706   26039
13 -- 
94668   2421
13 -- 3
55150   994
13 -- 67
83123   41
13 -- 078
42491   4
13 -- 0593
50088   
13 -- 56370
45586  
13 --  94541
60182 
13 --   82503
80528
13 --    81668
2263
13 -- 8   11281
860
13 -- 30   16132
29
13 -- 321   40593
7
13 -- 9183   94841

13 -- 11026   96094
13 -- 
41014   5135
13 -- 8
25565   181
13 -- 99
77060   50
13 -- 583
19248   6
13 -- 2091
19106   
13 -- 86913
42737  
13 --  49971
57542 
13 --   52664
78423
13 --    27659
4056
13 -- 6   39048
998
13 -- 97   47864
78
13 -- 788   86727
5
13 -- 0740   51560

13 -- 62817   12163
13 -- 
29975   7214
13 -- 2
70874   424
13 -- 91
49105   19
13 -- 383
61365   5
13 -- 5424
66638   
13 -- 47751
71227  
13 --  72728
60660 
13 --   62197
53094
13 --    54975
5720
13 -- 6   76014
600
13 -- 04   91094
12
13 -- 354   62197
6
13 -- 4617   24213

13 -- 33069   19248
13 -- 
43231   8052
13 -- 8
39113   295
13 -- 48
43496   44
13 -- 236
55270   5
13 -- 5017
89147   
13 -- 60340
44478  
13 --  98438
88102 
13 --   44178
57861
13 --    42491
1306
13 -- 2   37792
966
13 -- 97   50558
81
13 -- 338   21222
1
13 -- 3637   86440

13 -- 46111   44991
13 -- 
72767   3509
13 -- 6
27088   397
13 -- 16
15895   58
13 -- 068
50583   7
13 -- 6014
99892   
13 -- 51560
19287  
13 --  68277
70485 
13 --   56754
59124
13 --    48963
4856
13 -- 1   84849
298
13 -- 10   32248
80
13 -- 613   46825
9
13 -- 2494   57048

13 -- 48647   73204
13 -- 
18807   9946
13 -- 7
10789   112
13 -- 81
45940   21
13 -- 380
46135   6
13 -- 3265
50993   
13 -- 19312
12177  
13 --  27659
24626 
13 --   20847
65851
13 --    11281
3425
13 -- 6   50284
485
13 -- 99   66616
55
13 -- 055   68507
9
13 -- 6547   40593

13 -- 28604   80528
13 -- 
79339   8052
13 -- 8
82589   240
13 -- 52
80877   20
13 -- 044
41248   8
13 -- 0305
83451   
13 -- 16584
53395  
13 --  33931
50618 
13 --   99867
46535
13 --    82537
6085
13 -- 4   91094
175
13 -- 08   46509
64
13 -- 064   91025
6
13 -- 5689   52864

13 -- 81667   97240
13 -- 
67639   2300
13 -- 3
29152   910
13 -- 94
41173   97
13 -- 070
92692   5
13 -- 0583
71139   
13 -- 82172
51520  
13 --  38540
65344 
13 --   37792
90964
13 --    68536
5093
13 -- 1   91094
305
13 -- 91   98803
64
13 -- 601   39865
6
13 -- 5187   44460

13 -- 49044   41741
13 -- 
26809   8052
13 -- 8
41244   700
13 -- 52
83502   61
13 -- 514
65407   2
13 -- 5607
31347   
13 -- 61586
50693  
13 --  14420
12676 
13 --   62197
17967
13 --    37792
7055
13 -- 3   23540
233
13 -- 66   25910
24
13 -- 299   30562
1
13 -- 8099   76014

13 -- 82265   39811
13 -- 
40593   2334
13 -- 6
93620   615
13 -- 14
71798   50
13 -- 583
40785   7
13 -- 5651
11303   
13 -- 40593
44457  
13 --  94541
34409 
13 --   53981
71468
13 --    51560
8112
13 -- 1   76014
112
13 -- 81   90297
52
13 -- 517   93116
9
13 -- 8978   54868

13 -- 96720   39479
13 -- 
94661   1924
13 -- 8
17770   498
13 -- 19
45243   91
13 -- 025
49291   7
13 -- 6014
76119   
13 -- 61514
19677  
13 --  37792
26107 
13 --   58046
88603
13 --    80502
4804
13 -- 9   25561
346
13 -- 72   78297
62
13 -- 549   99467
2
13 -- 6952   66149

13 -- 70834   44994
13 -- 
64217   2633
13 -- 6
39118   686
13 -- 19
56422   28
13 -- 917
52238   9
13 -- 7462
33385   
13 -- 76014
40513  
13 --  82503
14766 
13 --   29638
67245
13 --    83025
3685
13 -- 2   76014
197
13 -- 81   94541
97
13 -- 661   97375
4
13 -- 9033   39108

13 -- 20945   61514
13 -- 
72998   5408
13 -- 6
21774   540
13 -- 42
83357   51
13 -- 123
84207   1
13 -- 9248
52816   
13 -- 51560
64851  
13 --  62273
96243 
13 --   37792
54243
13 --    30583
1819
13 -- 6   51146
810
13 -- 97   16584
79
13 -- 961   16584
9
13 -- 6318   24213

13 -- 42355   46244
13 -- 
83622   7797
13 -- 6
37050   767
13 -- 62
64405   61
13 -- 053
91904   5
13 -- 3981
41283   
13 -- 51560
54832  
13 --  94541
91489 
13 --   10278
92587
13 --    94541
1623
13 -- 4   91025
145
13 -- 63   27064
23
13 -- 561   32899
4
13 -- 8759   41914

13 -- 80154   61514
13 -- 
38550   9946
13 -- 7
47033   147
13 -- 38
30986   19
13 -- 248
53109   5
13 -- 0583
82694   
13 -- 33392
80036  
13 --  33554
22792 
13 --   19248
79558
13 --    75933
4739
13 -- 1   24213
215
13 -- 52   34264
37
13 -- 323   40419
3
13 -- 2881   74785

13 -- 96317   94541
13 -- 
85735   4991
13 -- 8
77104   242
13 -- 13
95669   23
13 -- 142
27572   6
13 -- 7728
75600   
13 -- 81897
92373  
13 --  50583
71354 
13 --   95359
37543
13 --    70645
9238
13 -- 8   70881
670
13 -- 90   32248
31
13 -- 485   18145
6
13 -- 0309   65825

13 -- 13628   34507
13 -- 
70975   2421
13 -- 3
63993   345
13 -- 55
74410   26
13 -- 123
49604   9
13 -- 7534
43169   
13 -- 77987
72385  
13 --  39313
72348 
13 --   56754
53981
13 --    15479
9315
13 -- 8   51045
615
13 -- 14   56265
46
13 -- 667   32248
3
13 -- 3397   27461

13 -- 94271   40593
13 -- 
38885   6219
13 -- 7
18191   982
13 -- 16
20721   37
13 -- 790
59397   3
13 -- 6929
35874   
13 -- 71279
50820  
13 --  56754
32357 
13 --   17584
20108
13 --    61514
1553
13 -- 2   51020
761
13 -- 22   49880
20
13 -- 324   58844
3
13 -- 4991   79069

13 -- 61667   58070
13 -- 
49470   7829
13 -- 7
19457   852
13 -- 22
76014   84
13 -- 279
12721   5
13 -- 5507
21111   
13 -- 15952
81962  
13 --  37792
14262 
13 --   13603
13596
13 --    29755
4248
13 -- 7   66976
936
13 -- 15   76831
52
13 -- 618   52542
2
13 -- 3922   34268

13 -- 87909   39401
13 -- 
68755   9115
13 -- 9
26448   583
13 -- 16
73078   50
13 -- 583
48948   2
13 -- 6039
86189   
13 -- 84029
90656  
13 --  79676
91439 
13 --   31792
28757
13 --    26039
9107
13 -- 1   49601
890
13 -- 16   68694
70
13 -- 843   71475
2
13 -- 7550   68141

13 -- 78038   48962
13 -- 
24244   4769
13 -- 7
15814   926
13 -- 83
64462   98
13 -- 216
49214   7
13 -- 8297
23970   
13 -- 54042
35851  
13 --  56755
37587 
13 --   83609
55358
13 --    94044
8526
13 -- 8   88773
111
13 -- 93   99467
91
13 -- 094   61514
3
13 -- 8943   50583

13 -- 53600   11281
13 -- 
97920   7699
13 -- 9
95887   271
13 -- 17
74703   76
13 -- 014
38128   9
13 -- 8216
17281   
13 -- 90324
78588  
13 --  46910
66738 
13 --   40593
25401
13 --    71893
2950
13 -- 4   29755
319
13 -- 04   46149
28
13 -- 879   54661
1
13 -- 7294   40593

13 -- 27242   87597
13 -- 
65570   5001
13 -- 9
28219   691
13 -- 14
74538   66
13 -- 055
79103   9
13 -- 1094
78977   
13 -- 26354
83327  
13 --  94640
99986 
13 --   31421
80152
13 --    46535
8469
13 -- 2   61514
236
13 -- 13   48578
51
13 -- 813   50583
8
13 -- 3951   50583

13 -- 56981   33179
13 -- 
57983   5042
13 -- 7
60777   589
13 -- 73
19636   40
13 -- 593
58093   7
13 -- 7663
39995   
13 -- 91094
26622  
13 --  80528
34897 
13 --   85226
88985
13 --    40593
5959
13 -- 5   45056
575
13 -- 26   91025
81
13 -- 357   91094
6
13 -- 6993   23607

13 -- 31751   44402
13 -- 
60054   2603
13 -- 9
85914   825
13 -- 03
30970   66
13 -- 205
95141   4
13 -- 8962
95334   
13 -- 32248
26456  
13 --  40593
24075 
13 --   33392
30273
13 --    80274
9054
13 -- 7   58472
333
13 -- 92   21022
29
13 -- 912   48962
9
13 -- 8689   62197

13 -- 88442   27659
13 -- 
24076   4896
13 -- 2
46032   660
13 -- 34
99190   94
13 -- 968
59610   8
13 -- 2172
29087   
13 -- 27060
86292  
13 --  70657
14651 
13 --   82172
90989
13 --    82172
5291
13 -- 2   79321
255
13 -- 46   85822
99
13 -- 280   93924
3
13 -- 4989   57301

13 -- 33187   94147
13 -- 
99664   2603
13 -- 9
69349   165
13 -- 84
65595   57
13 -- 513
74982   5
13 -- 2280
83254   
13 -- 90043
73891  
13 --  89544
98751 
13 --   19248
20491
13 --    15995
8495
13 -- 2   27659
630
13 -- 17   27659
94
13 -- 903   80843
1
13 -- 7925   31023

13 -- 87580   26039
13 -- 
87329   7858
13 -- 3
95039   252
13 -- 87
31497   32
13 -- 248
22811   4
13 -- 8962
49374   
13 -- 80528
98216  
13 --  24400
36402 
13 --   11486
72890
13 --    40419
8363
13 -- 5   67226
582
13 -- 86   65680
49
13 -- 492   16584
9
13 -- 9467   49759

13 -- 73438   48962
13 -- 
23127   9029
13 -- 4
60131   895
13 -- 36
94639   11
13 -- 281
66584   2
13 -- 3607
36647   
13 -- 85497
98970  
13 --  58089
48737 
13 --   23645
79137
13 --    57367
2946
13 -- 0   31322
651
13 -- 76   78297
55
13 -- 287   24892
3
13 -- 8366   39995

13 -- 13547   54042
13 -- 
98550   1885
13 -- 5
89754   281
13 -- 03
38274   68
13 -- 766
17050   5
13 -- 1560
47224   
13 -- 74279
74311  
13 --  29411
10103 
13 --   77919
89641
13 --    85065
5494
13 -- 8   94541
540
13 -- 42   39577
63
13 -- 064   19553
8
13 -- 3540   99467

13 -- 31183   49656
13 -- 
79110   5052
13 -- 7
81332   488
13 -- 06
93766   81
13 -- 955
52120   5
13 -- 4627
33600   
13 -- 40419
63077  
13 --  68913
63627 
13 --   27659
76136
13 --    62990
4989
13 -- 9   66902
557
13 -- 43   82172
17
13 -- 471   91094
4
13 -- 4044   68542

13 -- 66979   19248
13 -- 
11991   9502
13 -- 8
96452   169
13 -- 57
62970   59
13 -- 322
33791   1
13 -- 3869
31546   
13 -- 66994
65288  
13 --  83258
68341 
13 --   51560
10118
13 --    51560
8757
13 -- 6   88482
635
13 -- 74   53981
60
13 -- 007   41627
4
13 -- 5275   59868

13 -- 96013   30992
13 -- 
35263   2648
13 -- 3
99830   825
13 -- 03
38755   51
13 -- 615
92782   7
13 -- 9915
17163   
13 -- 32248
31231  
13 --  61514
61812 
13 --   24024
50171
13 --    51560
8514
13 -- 2   61514
105
13 -- 85   37792
51
13 -- 880   78297
4
13 -- 3926   27333

13 -- 67905   78297
13 -- 
90265   6219
13 -- 7
46768   848
13 -- 49
84334   14
13 -- 699
44836   8
13 -- 2503
52594   
13 -- 24995
78285  
13 --  69200
38932 
13 --   72862
34884
13 --    33782
1628
13 -- 6   49344
532
13 -- 48   84143
51
13 -- 352   50583
1
13 -- 2615   32827

13 -- 97800   80528
13 -- 
64853   7829
13 -- 7
37817   653
13 -- 90
43868   63
13 -- 056
69884   2
13 -- 4213
19242   
13 -- 11281
70002  
13 --  44313
87611 
13 --   55453
76921
13 --    91094
4212
13 -- 9   37792
141
13 -- 73   80528
66
13 -- 808   19248
6
13 -- 5534   99467

13 -- 45015   89524
13 -- 
13687   1658
13 -- 4
67391   976
13 -- 79
85119   48
13 -- 962
55503   1
13 -- 6310
34027   
13 -- 67984
97988  
13 --  37303
24683 
13 --   82572
54960
13 --    16584
9102
13 -- 5   84849
515
13 -- 60   46535
87
13 -- 410   93826
9
13 -- 7606   78297

13 -- 88896   82503
13 -- 
43190   2184
13 -- 0
22601   184
13 -- 29
68843   78
13 -- 297
17601   6
13 -- 1514
82372   
13 -- 11902
45491  
13 --  33392
46554 
13 --   70923
18041
13 --    82227
7635
13 -- 1   20403
309
13 -- 72   29980
13
13 -- 144   84849
3
13 -- 3347   24213

13 -- 34172   60961
13 -- 
26692   3224
13 -- 8
37637   494
13 -- 55
42566   74
13 -- 421
32350   2
13 -- 6438
63711   
13 -- 26973
82892  
13 --  91094
11976 
13 --   11962
27662
13 --    84849
6014
13 -- 0   33392
409
13 -- 24   97133
93
13 -- 718   91025
8
13 -- 3098   52998

13 -- 14033   19613
13 -- 
56137   8349
13 -- 6
91693   395
13 -- 69
85466   99
13 -- 467
98427   9
13 -- 9407
67556   
13 -- 42491
73463  
13 --  76014
29242 
13 --   61514
36127
13 --    84176
9927
13 -- 9   37652
270
13 -- 35   51105
98
13 -- 174   78297
2
13 -- 3862   24213

13 -- 20250   56754
13 -- 
52010   2765
13 -- 9
40419   750
13 -- 64
96979   16
13 -- 584
50118   9
13 -- 9467
37505   
13 -- 42645
16428  
13 --  78297
27659 
13 --   37602
10362
13 --    63154
1749
13 -- 4   24213
463
13 -- 39   82172
34
13 -- 514   18574
2
13 -- 6650   27659

13 -- 42554   97200
13 -- 
91408   6688
13 -- 5
28975   928
13 -- 95
76679   82
13 -- 172
66246   5
13 -- 7048
68738   
13 -- 29719
86809  
13 --  91025
49180 
13 --   93642
73780
13 --    81131
8791
13 -- 6   24574
636
13 -- 86   54042
51
13 -- 313   98646
2
13 -- 0307   45124

13 -- 19074   91094
13 -- 
92731   9099
13 -- 1
69288   515
13 -- 60
99803   43
13 -- 287
73034   5
13 -- 9262
46427   
13 -- 40593
18207  
13 --  17433
11287 
13 --   98216
15411
13 --    82172
3029
13 -- 9   23607
487
13 -- 18   16484
37
13 -- 288   68079
1
13 -- 5018   49549

13 -- 25470   94618
13 -- 
24147   4210
13 -- 6
55027   505
13 -- 83
52085   82
13 -- 503
32166   8
13 -- 4849
33599   
13 -- 14301
59068  
13 --  27659
19377 
13 --   10693
86753
13 --    29384
5194
13 -- 8   91588
199
13 -- 16   99467
52
13 -- 600   91094
7
13 -- 4242   16584

13 -- 38199   74358
13 -- 
58368   8484
13 -- 9
95450   815
13 -- 97
27210   91
13 -- 094
33339   2
13 -- 1349
47402   
13 -- 23109
47363  
13 --  38854
58829 
13 --   60341
66872
13 --    11467
7634
13 -- 4   22018
358
13 -- 13   28915
43
13 -- 412   78297
6
13 -- 9265   16584

13 -- 62129   42491
13 -- 
94222   4066
13 -- 8
68148   344
13 -- 76
17907   40
13 -- 593
68642   9
13 -- 8216
80846   
13 -- 31031
44593  
13 --  84849
97936 
13 --   67435
48375
13 --    37546
5882
13 -- 3   65987
347
13 -- 09   82503
56
13 -- 754   25613
1
13 -- 1645   51560

13 -- 91638   40218
13 -- 
70370   3924
13 -- 2
58487   482
13 -- 48
39715   19
13 -- 248
24662   8
13 -- 7910
72956   
13 -- 11281
70987  
13 --  16584
63280 
13 --   99903
55578
13 --    99467
7258
13 -- 2   51596
785
13 -- 02   40784
33
13 -- 434   59368
1
13 -- 0938   22408

13 -- 30550   59946
13 -- 
14607   9133
13 -- 9
63082   333
13 -- 92
37383   27
13 -- 659
44759   2
13 -- 1963
85625   
13 -- 78297
63757  
13 --  60482
52772 
13 --   53981
49763
13 --    36437
1769
13 -- 2   94541
944
13 -- 08   16707
48
13 -- 167   62197
4
13 -- 7135   33470

13 -- 66943   15655
13 -- 
27749   8793
13 -- 7
34227   214
13 -- 28
95279   72
13 -- 713
85841   4
13 -- 0593
64133   
13 -- 78878
23229  
13 --  80528
96465 
13 --   40590
87512
13 --    16584
8320
13 -- 8   76620
932
13 -- 81   26039
97
13 -- 561   42491
2
13 -- 8107   81776

13 -- 52456   24091
13 -- 
38230   8052
13 -- 8
62829   489
13 -- 62
48391   66
13 -- 904
75037   5
13 -- 0583
82201   
13 -- 40593
48654  
13 --  74205
81017 
13 --   73719
21030
13 --    47514
9596
13 -- 7   16584
267
13 -- 71   91007
79
13 -- 174   26039
1
13 -- 5178   26562

13 -- 40530   78297
13 -- 
94541   7829
13 -- 7
47010   846
13 -- 24
45555   23
13 -- 607
48886   9
13 -- 8216
51787   
13 -- 62197
48063  
13 --  92338
54308 
13 --   84708
18088
13 --    55773
4438
13 -- 6   46835
328
13 -- 09   19248
68
13 -- 476   34665
7
13 -- 8837   80528

13 -- 35927   20264
13 -- 
69734   4896
13 -- 2
61020   112
13 -- 81
22768   60
13 -- 440
29655   8
13 -- 3969
62498   
13 -- 99301
45158  
13 --  27659
78297 
13 --   60147
67800
13 --    53981
3779
13 -- 2   63435
610
13 -- 02   17824
48
13 -- 846   34960
6
13 -- 4164   93823

13 -- 73535   71182
13 -- 
71276   8998
13 -- 3
91096   175
13 -- 59
69770   94
13 -- 541
97466   6
13 -- 2429
17134   
13 -- 62980
71019  
13 --  40593
38901 
13 --   86847
10352
13 --    75941
5497
13 -- 9   56754
630
13 -- 30   69883
84
13 -- 448   55627
5
13 -- 1782   26039

13 -- 48724   36895
13 -- 
22914   7601
13 -- 4
78378   994
13 -- 67
79996   43
13 -- 004
61423   7
13 -- 4052
29161   
13 -- 97710
34973  
13 --  78978
53406 
13 --   21349
33674
13 --    91025
5367
13 -- 5   48962
699
13 -- 94   16584
13
13 -- 728   54042
2
13 -- 5968   26039

13 -- 77889   80396
13 -- 
41369   5190
13 -- 7
19042   980
13 -- 46
81559   83
13 -- 491
66529   4
13 -- 2838
68505   
13 -- 81471
37384  
13 --  21349
99490 
13 --   54042
16301
13 --    15483
3548
13 -- 7   44773
842
13 -- 25   45146
49
13 -- 683   61514
1
13 -- 4285   18633

13 -- 89502   38039
13 -- 
90559   2280
13 -- 9
81737   760
13 -- 14
54727   48
13 -- 962
28654   5
13 -- 1560
74115   
13 -- 82503
85709  
13 --  57048
36662 
13 --   17448
89764
13 --    29802
9394
13 -- 4   91094
876
13 -- 72   63603
38
13 -- 625   29958
1
13 -- 2701   83836

13 -- 58529   15454
13 -- 
62746   2609
13 -- 9
12706   424
13 -- 91
76067   51
13 -- 560
62134   2
13 -- 4213
59608   
13 -- 61965
69636  
13 --  50583
99022 
13 --   12234
10703
13 --    61940
1738
13 -- 4   17111
625
13 -- 27   91025
96
13 -- 925   75148
7
13 -- 0979   18336

13 -- 95490   84849
13 -- 
84657   2765
13 -- 9
66781   528
13 -- 39
68922   85
13 -- 566
50689   2
13 -- 3548
60271   
13 -- 48888
84849  
13 --  15786
69664 
13 --   38061
73261
13 --    42491
1054
13 -- 3   75528
300
13 -- 35   53981
80
13 -- 475   75797
2
13 -- 7717   84446

13 -- 14217   28061
13 -- 
68700   5704
13 -- 8
53116   526
13 -- 98
65110   98
13 -- 452
69172   3
13 -- 1592
65968   
13 -- 62197
65385  
13 --  85793
46307 
13 --   28798
69551
13 --    37792
9947
13 -- 8   51560
406
13 -- 47   22491
38
13 -- 403   63213
1
13 -- 4806   33070

13 -- 14659   57647
13 -- 
94942   6424
13 -- 6
74887   278
13 -- 95
67773   77
13 -- 684
31335   7
13 -- 8297
24514   
13 -- 21881
22631  
13 --  80528
25370 
13 --   30473
32248
13 --    32248
7251
13 -- 0   60177
467
13 -- 09   58622
91
13 -- 821   74379
6
13 -- 3357   19248

13 -- 84521   91094
13 -- 
46482   9946
13 -- 7
72399   424
13 -- 91
35354   48
13 -- 235
58778   8
13 -- 2503
21468   
13 -- 98908
21349  
13 --  18713
28199 
13 --   73959
19067
13 --    24213
6629
13 -- 0   29531
171
13 -- 39   29267
66
13 -- 463   42491
2
13 -- 1607   89861

13 -- 92019   98216
13 -- 
20999   5675
13 -- 4
14340   985
13 -- 11
19190   80
13 -- 528
77692   8
13 -- 4016
87148   
13 -- 42027
70878  
13 --  91094
34871 
13 --   24213
71320
13 --    23607
7626
13 -- 4   37792
799
13 -- 33   99467
93
13 -- 171   56754
6
13 -- 2447   16584

13 -- 65901   24213
13 -- 
24213   3962
13 -- 1
44255   743
13 -- 42
33691   82
13 -- 172
13469   6
13 -- 1514
40749   
13 -- 19248
99428  
13 --  76014
67895 
13 --   51170
87102
13 --    51560
3752
13 -- 7   20387
916
13 -- 73   50583
83
13 -- 232   38784
2
13 -- 6039   62531

13 -- 98564   22327
13 -- 
16402   8603
13 -- 9
63558   465
13 -- 39
22859   35
13 -- 862
21580   4
13 -- 8481
58994   
13 -- 39995
52428  
13 --  21533
29258 
13 --   27659
82677
13 --    92774
2975
13 -- 5   99467
801
13 -- 76   33392
13
13 -- 852   38350
7
13 -- 0704   98216

13 -- 15693   59958
13 -- 
39525   6703
13 -- 6
97626   286
13 -- 24
92199   26
13 -- 920
11417   7
13 -- 6014
39348   
13 -- 78297
92716  
13 --  26039
93133 
13 --   43728
81327
13 --    13317
1881
13 -- 6   62197
517
13 -- 32   41305
48
13 -- 843   10754
6
13 -- 7931   91094

13 -- 89427   26898
13 -- 
82503   6521
13 -- 9
67661   910
13 -- 94
84382   53
13 -- 981
18213   7
13 -- 3171
44546   
13 -- 18594
86234  
13 --  25433
71837 
13 --   46056
57922
13 --    32248
8152
13 -- 4   35927
753
13 -- 19   15010
36
13 -- 480   60540
4
13 -- 1791   40593

13 -- 14274   99467
13 -- 
12501   3999
13 -- 5
42749   276
13 -- 59
11014   13
13 -- 508
53011   4
13 -- 7475
34461   
13 -- 39995
49171  
13 --  70132
17750 
13 --   19248
76552
13 --    23607
3494
13 -- 7   26039
712
13 -- 11   64387
29
13 -- 053   32248
7
13 -- 2376   29755

13 -- 99598   97963
13 -- 
13756   2097
13 -- 8
82172   825
13 -- 47
22915   91
13 -- 025
83861   9
13 -- 1025
99546   
13 -- 99467
80289  
13 --  39995
48125 
13 --   99467
84452
13 --    94541
5551
13 -- 6   50583
587
13 -- 94   21116
67
13 -- 646   19248
7
13 -- 8114   32248

13 -- 89562   27009
13 -- 
25764   8268
13 -- 3
91703   621
13 -- 97
18263   92
13 -- 111
15078   3
13 -- 2248
78127   
13 -- 86731
17783  
13 --  62197
61339 
13 --   32857
23117
13 --    48962
4295
13 -- 1   99467
260
13 -- 11   84849
15
13 -- 636   83820
3
13 -- 4561   40593

13 -- 36232   67223
13 -- 
39189   8217
13 -- 2
38342   793
13 -- 65
19020   75
13 -- 552
70735   1
13 -- 0655
36043   
13 -- 78297
31094  
13 --  91025
34341 
13 --   90722
32763
13 --    76625
4998
13 -- 0   76014
376
13 -- 29   27659
39
13 -- 121   13414
2
13 -- 3607   27659

13 -- 57048   39842
13 -- 
38496   3224
13 -- 8
64155   242
13 -- 13
15472   23
13 -- 607
82143   9
13 -- 4475
56639   
13 -- 86813
86153  
13 --  61514
55653 
13 --   99467
16584
13 --    91025
1146
13 -- 0   91094
855
13 -- 35   71742
85
12 -- 773   24213
5
0 -- 773   24213
5
